0 124
10 9
20 17647
30 15028
40 4096
50 7586
60 3609
70 4665
80 6669
90 3365
100 8149
110 8658
120 6652
130 7891
140 11981
150 13612
160 21994
170 24318
180 18698
190 10816
200 19065
210 25338
220 14031
230 14686
240 30064
250 14745
260 16879
270 23158
280 27345
290 31749
300 31346
310 24651
320 34393
330 25068
340 27902
350 32877
360 18017
370 28644
380 24973
390 29321
400 28209
410 33360
420 31285
430 34924
440 41027
450 39868
460 33074
470 30793
480 38162
490 42493
500 52159
510 39311
520 40179
530 34358
540 49174
550 48893
560 50785
570 40437
580 37002
590 60135
600 39821
610 42372
620 43210
630 65031
640 59424
650 62542
660 49927
670 49487
680 66768
690 55630
700 56399
710 53928
720 58392
730 63509
740 62653
750 70259
760 63734
770 55642
780 49760
790 78086
800 61829
810 68408
820 59319
830 69128
840 69807
850 63494
860 54471
870 54867
880 80168
890 64099
900 68519
910 69837
920 67455
930 53310
940 72530
950 92377
960 83240
970 89622
980 77883
990 71547
1000 96039
1010 92337
1020 102695
1030 62044
1040 74926
1050 111437
1060 67425
1070 104846
1080 110015
1090 86361
1100 88979
1110 80550
1120 98292
1130 88164
1140 80339
1150 119316
1160 87703
1170 106750
1180 108873
1190 105521
1200 90174
1210 90171
1220 109709
1230 94215
1240 106757
1250 117802
1260 110404
1270 114054
1280 116292
1290 102648
1300 91116
1310 122207
1320 109331
1330 104554
1340 97658
1350 82386
1360 101078
1370 105373
1380 112383
1390 98328
1400 116100
1410 108078
1420 109456
1430 102872
1440 99653
1450 136162
1460 110844
1470 141229
1480 121252
1490 110881
1500 114711
1510 108554
1520 116375
1530 112281
1540 141481
1550 111302
1560 148123
1570 133499
1580 128621
1590 143180
1600 124092
1610 144378
1620 145036
1630 106863
1640 125759
1650 129216
1660 115287
1670 124191
1680 137064
1690 143095
1700 123194
1710 135842
1720 165977
1730 118917
1740 158684
1750 168651
1760 166396
1770 135424
1780 150894
1790 147081
1800 139870
1810 147849
1820 148057
1830 149254
1840 128866
1850 151502
1860 155087
1870 160940
1880 163737
1890 143256
1900 163236
1910 141055
1920 147769
1930 167920
1940 159545
1950 154569
1960 168646
1970 170570
1980 161944
1990 136280
2000 141469
2010 171558
2020 170160
2030 180254
2040 178234
2050 205107
2060 160210
2070 152988
2080 157585
2090 164322
2100 175509
2110 176285
2120 163685
2130 191723
2140 148807
2150 188846
2160 165509
2170 180503
2180 176441
2190 151008
2200 166404
2210 160767
2220 182031
2230 187860
2240 185006
2250 165742
2260 184414
2270 188888
2280 216757
2290 185283
2300 210562
2310 198391
2320 167794
2330 202532
2340 184684
2350 197406
2360 182545
2370 187234
2380 206210
2390 207586
2400 173718
2410 200841
2420 216837
2430 179014
2440 202170
2450 180104
2460 189681
2470 197780
2480 206541
2490 214548
2500 183384
2510 231509
2520 197762
2530 223531
2540 213887
2550 212327
2560 174281
2570 200697
2580 236321
2590 229941
2600 220539
2610 188830
2620 201482
2630 199032
2640 225047
2650 212327
2660 189148
2670 240218
2680 214156
2690 215668
2700 224313
2710 249040
2720 222160
2730 222213
2740 221942
2750 217950
2760 213320
2770 183658
2780 211401
2790 220566
2800 218001
2810 223372
2820 249999
2830 199948
2840 196180
2850 219593
2860 231677
2870 229682
2880 260461
2890 212900
2900 240380
2910 256396
2920 227739
2930 223913
2940 227180
2950 239003
2960 229633
2970 256407
2980 254069
2990 223740
3000 218425
3010 267818
3020 223974
3030 226845
3040 260426
3050 247534
3060 253771
3070 259877
3080 259879
3090 254919
3100 281088
3110 246456
3120 270846
3130 251079
3140 230828
3150 207965
3160 270937
3170 239288
3180 238800
3190 254953
3200 260673
3210 289266
3220 248707
3230 244137
3240 279005
3250 271752
3260 265829
3270 243269
3280 223650
3290 264801
3300 306492
3310 222094
3320 268820
3330 224696
3340 274448
3350 251584
3360 287764
3370 250979
3380 259060
3390 256727
3400 264855
3410 275512
3420 243105
3430 278500
3440 239941
3450 265351
3460 248097
3470 281596
3480 293632
3490 311433
3500 294189
3510 296878
3520 283204
3530 275816
3540 304435
3550 307650
3560 285532
3570 290188
3580 291473
3590 288881
3600 306669
3610 307825
3620 296680
3630 293325
3640 301660
3650 320386
3660 299697
3670 309127
3680 265947
3690 302776
3700 308447
3710 291327
3720 265651
3730 296572
3740 303793
3750 311182
3760 313834
3770 305948
3780 323480
3790 310159
3800 304011
3810 251497
3820 284075
3830 309015
3840 310683
3850 333832
3860 323950
3870 291755
3880 325151
3890 328183
3900 302560
3910 317903
3920 291633
3930 292826
3940 308566
3950 325018
3960 329924
3970 356866
3980 308321
3990 301758
4000 312934
4010 331146
4020 303283
4030 328098
4040 282422
4050 322592
4060 330886
4070 320727
4080 338291
4090 369874
4100 370186
4110 305929
4120 316071
4130 335911
4140 372290
4150 358053
4160 367732
4170 333819
4180 368530
4190 368843
4200 377479
4210 334541
4220 344008
4230 356343
4240 327899
4250 345976
4260 350171
4270 367512
4280 334462
4290 314051
4300 368796
4310 334008
4320 367176
4330 344874
4340 348845
4350 341240
4360 344248
4370 357921
4380 359801
4390 347999
4400 341502
4410 319913
4420 388107
4430 369028
4440 357900
4450 355150
4460 353599
4470 377232
4480 397485
4490 361811
4500 350392
4510 371247
4520 358270
4530 358414
4540 320219
4550 342440
4560 353927
4570 403369
4580 344310
4590 378443
4600 380453
4610 394336
4620 357562
4630 378199
4640 373314
4650 386149
4660 339827
4670 361103
4680 372676
4690 347669
4700 344579
4710 354589
4720 383728
4730 370812
4740 331930
4750 360055
4760 376735
4770 419886
4780 377321
4790 343562
4800 381270
4810 380047
4820 383603
4830 375163
4840 404755
4850 380682
4860 355715
4870 380287
4880 381434
4890 391089
4900 386506
4910 364935
4920 383908
4930 396561
4940 400256
4950 423337
4960 387759
4970 362741
4980 379477
4990 422339
5000 409169
5010 411426
5020 442417
5030 419498
5040 421063
5050 414624
5060 408069
5070 384121
5080 367494
5090 393265
5100 457899
5110 421280
5120 389558
5130 382697
5140 396098
5150 349935
5160 405548
5170 420994
5180 364338
5190 412868
5200 417597
5210 416787
5220 390746
5230 420840
5240 414775
5250 415627
5260 435358
5270 416658
5280 399425
5290 382116
5300 448998
5310 418219
5320 405491
5330 392305
5340 390194
5350 412846
5360 453615
5370 415444
5380 402757
5390 463002
5400 453653
5410 430586
5420 449248
5430 429862
5440 415335
5450 417877
5460 466377
5470 488739
5480 453340
5490 461597
5500 425992
5510 450753
5520 444237
5530 460431
5540 450452
5550 490932
5560 421157
5570 442771
5580 451190
5590 399733
5600 455938
5610 464287
5620 455378
5630 480462
5640 453683
5650 425924
5660 426745
5670 441502
5680 478707
5690 440379
5700 488069
5710 493213
5720 454991
5730 436290
5740 467832
5750 442187
5760 463201
5770 495439
5780 450184
5790 495532
5800 476889
5810 424686
5820 462157
5830 458877
5840 469581
5850 492009
5860 450338
5870 499289
5880 471758
5890 447231
5900 491677
5910 456815
5920 452970
5930 500644
5940 438864
5950 456417
5960 479954
5970 538720
5980 436176
5990 505141
6000 533475
6010 502341
6020 479219
6030 497273
6040 497729
6050 485134
6060 494756
6070 469134
6080 506598
6090 484734
6100 525019
6110 514993
6120 462999
6130 511526
6140 516003
6150 480985
6160 473733
6170 465669
6180 486256
6190 445754
6200 518680
6210 499889
6220 484459
6230 461171
6240 532115
6250 460858
6260 526767
6270 486605
6280 464910
6290 502480
6300 534291
6310 507465
6320 507178
6330 529436
6340 514440
6350 560684
6360 522685
6370 538127
6380 522253
6390 507578
6400 550224
6410 506337
6420 566146
6430 500868
6440 525619
6450 566028
6460 536636
6470 521491
6480 568844
6490 539417
6500 534603
6510 516655
6520 508397
6530 582907
6540 560202
6550 492762
6560 501619
6570 535070
6580 493558
6590 464587
6600 502418
6610 561508
6620 514032
6630 576873
6640 487436
6650 507570
6660 544813
6670 547861
6680 532510
6690 527364
6700 548247
6710 512808
6720 489065
6730 509082
6740 543811
6750 579958
6760 494202
6770 560223
6780 561754
6790 539892
6800 574607
6810 560837
6820 532362
6830 550236
6840 550246
6850 536194
6860 550116
6870 530229
6880 578042
6890 530446
6900 606496
6910 539571
6920 590577
6930 547163
6940 600730
6950 586566
6960 554371
6970 575672
6980 537516
6990 581692
7000 613469
7010 584581
7020 566736
7030 521978
7040 574220
7050 534479
7060 530504
7070 579845
7080 531260
7090 538470
7100 518298
7110 521323
7120 586366
7130 580653
7140 571658
7150 554624
7160 564840
7170 616286
7180 562370
7190 562549
7200 571453
7210 577328
7220 602092
7230 577816
7240 568583
7250 522884
7260 616127
7270 611359
7280 562435
7290 581151
7300 541913
7310 641767
7320 639353
7330 559180
7340 588069
7350 547900
7360 541330
7370 609355
7380 619283
7390 643215
7400 595840
7410 587002
7420 597716
7430 609720
7440 566871
7450 578799
7460 607456
7470 565523
7480 551757
7490 606071
7500 636836
7510 610986
7520 615052
7530 581539
7540 627429
7550 640191
7560 619007
7570 585279
7580 585883
7590 580395
7600 662444
7610 637709
7620 650602
7630 661153
7640 619851
7650 613801
7660 577305
7670 570574
7680 625582
7690 582622
7700 611369
7710 625823
7720 663134
7730 577114
7740 563126
7750 608200
7760 666917
7770 619483
7780 612683
7790 606226
7800 612161
7810 604046
7820 596800
7830 589569
7840 637055
7850 606539
7860 588837
7870 616656
7880 629694
7890 611331
7900 625080
7910 590388
7920 689641
7930 666206
7940 640349
7950 658148
7960 610561
7970 645276
7980 637654
7990 635542
8000 692839
8010 679657
8020 646027
8030 639468
8040 626345
8050 659167
8060 643290
8070 653872
8080 652428
8090 643734
8100 688611
8110 649444
8120 603314
8130 629300
8140 631940
8150 683012
8160 679870
8170 629117
8180 664786
8190 750260
8200 699336
8210 647023
8220 708366
8230 654483
8240 668942
8250 662656
8260 595069
8270 629534
8280 659058
8290 674008
8300 669794
8310 660020
8320 606714
8330 621823
8340 695665
8350 636420
8360 689831
8370 686279
8380 706620
8390 658954
8400 636663
8410 679525
8420 686870
8430 664827
8440 674046
8450 681945
8460 690808
8470 619417
8480 700332
8490 668412
8500 695034
8510 660959
8520 700710
8530 682630
8540 673333
8550 630035
8560 648421
8570 663139
8580 711188
8590 703607
8600 660551
8610 667961
8620 706749
8630 684413
8640 680616
8650 733769
8660 681349
8670 685928
8680 722429
8690 724583
8700 652355
8710 612414
8720 682543
8730 707693
8740 720928
8750 729249
8760 664016
8770 693476
8780 676752
8790 660070
8800 648436
8810 695554
8820 729797
8830 657054
8840 711526
8850 717365
8860 653810
8870 647809
8880 697971
8890 609978
8900 752050
8910 703244
8920 666562
8930 716731
8940 712466
8950 708277
8960 686015
8970 775782
8980 639832
8990 705951
9000 679910
9010 690660
9020 719691
9030 713065
9040 734888
9050 759235
9060 692773
9070 719771
9080 729020
9090 704037
9100 725270
9110 716231
9120 673019
9130 694626
9140 674484
9150 688504
9160 780899
9170 724071
9180 722760
9190 721079
9200 709741
9210 666169
9220 706714
9230 683679
9240 674024
9250 782069
9260 709307
9270 707018
9280 675989
9290 675941
9300 761117
9310 720784
9320 739461
9330 760455
9340 757190
9350 761557
9360 716262
9370 727139
9380 730499
9390 762005
9400 844665
9410 730442
9420 746242
9430 758308
9440 837311
9450 720021
9460 735986
9470 746891
9480 741405
9490 781353
9500 739366
9510 771426
9520 792697
9530 738227
9540 778192
9550 723588
9560 788356
9570 765657
9580 752651
9590 778247
9600 744111
9610 820655
9620 769665
9630 757666
9640 761573
9650 731707
9660 790291
9670 677622
9680 804304
9690 723598
9700 749200
9710 717299
9720 733024
9730 747665
9740 775055
9750 682693
9760 832174
9770 792038
9780 743009
9790 826146
9800 775892
9810 742210
9820 839159
9830 786869
9840 774317
9850 787668
9860 806806
9870 799876
9880 789877
9890 732521
9900 762060
9910 768878
9920 792791
9930 771882
9940 771956
9950 756992
9960 765067
9970 792863
9980 865050
9990 765398
